              precision    recall  f1-score   support

         100       0.94      1.00      0.97        15
         200       1.00      0.94      0.97        16
         500       1.00      1.00      1.00        17
        1000       1.00      1.00      1.00        16
        2000       1.00      1.00      1.00        17
        5000       1.00      1.00      1.00        18
       10000       1.00      1.00      1.00        18
       20000       1.00      1.00      1.00        16

    accuracy                           0.99       133
   macro avg       0.99      0.99      0.99       133
weighted avg       0.99      0.99      0.99       133
